TWO-DIMENSIONAL PROJECTIVE COORDINATE TRANSFORMATION
8
1 -106.005 -105.902
2 105.995 106.154
3 -105.965 105.940
4 105.696 -105.990
5 -112.005 -0.026
6 111.940 -0.110
7 0.065 112.090
8 -0.006 -111.993 
1 177.562 -39.647 0.010 0.009
2 138.835 35.597 0.010 0.010
3 -69.851 -531.386 0.010 0.010
4 44.499 -108.903 0.013 0.010
5 90.823 -201.408 0.011 0.010
6 97.382 -29.917 0.011 0.010
7 217.344 242.207 0.010 0.010
8 -198.417 -254.362 0.010 0.009
9 168.454 132.710 0.010 0.009
10 225.533 -347.645 0.010 0.009
